0  1  2  3  4  5  6  7  8  9  10 11 12 13 14 15 16 17 18 19 20 21 22 23 24 25 26 27 28 29
00 00 00 00 00 00 00 00 00 00 00 00 00 ST ST 00 00 00 00 00 00 00 00 00 00 00 00 00 00 00
00 00 00 00 00 00 00 00 00 00 00 00 00 ST ST 00 00 00 00 00 00 00 RR RR RR RR TS TS 00 00
00 00 00 00 00 00 00 00 00 00 00 00 00 ST ST 00 00 00 00 00 00 00 RR 00 00 00 TS TS 00 00
00 00 00 00 00 00 00 00 00 00 00 00 00 ST ST 00 00 00 00 00 00 00 RR RR 00 00 00 00 00 00
00 00 00 00 00 00 00 00 00 00 00 00 00 ST ST 00 00 00 00 00 00 00 00 RR 00 00 00 00 00 00
00 00 00 00 00 00 TS TS 00 00 00 00 00 ST ST 00 00 00 00 00 00 00 00 RR RR RR RR RR RR 00
00 00 00 00 00 RR TS TS RR RR RR RR RR GG GG RR RR RR RR RR 00 00 00 00 00 00 00 00 RR 00
00 00 00 00 00 RR 00 00 00 00 00 00 00 ST ST 00 00 00 00 RR 00 00 00 00 00 00 00 00 RR 00
00 00 00 00 00 RR 00 00 00 00 00 00 00 ST ST 00 00 00 00 RR 00 00 00 00 00 00 00 00 RR 00
00 00 00 00 00 RR 00 00 00 00 00 00 00 ST ST 00 00 00 00 RR 00 00 00 00 00 00 RR RR RR 00
00 00 00 00 00 RR 00 00 00 00 00 00 00 ST ST 00 00 00 00 RR 00 00 00 00 00 00 RR 00 00 00
00 00 00 00 00 RR 00 00 00 00 00 00 00 ST ST 00 00 00 00 RR 00 00 00 00 00 00 RR 00 00 00
00 00 00 00 00 RR 00 00 00 00 00 00 00 ST ST 00 00 00 00 TS TS RR RR RR RR RR RR 00 00 00
00 00 00 00 00 RR 00 00 00 00 00 00 00 ST ST 00 00 00 00 TS TS 00 00 00 00 00 00 00 00 00
00 00 00 00 00 RR 00 00 00 00 00 00 00 ST ST 00 00 00 00 00 RR 00 00 00 00 00 00 00 00 00
00 00 00 00 00 RR 00 00 00 00 00 00 00 ST ST 00 00 00 00 00 RR 00 00 00 00 00 00 00 00 00
00 00 RR RR RR RR 00 00 00 00 00 00 00 ST ST 00 00 00 00 00 RR 00 00 00 00 00 00 00 00 00
00 00 RR 00 00 00 00 00 00 00 00 00 00 ST ST 00 00 00 00 00 RR 00 00 00 00 00 00 00 00 00
00 00 RR 00 00 00 00 00 00 00 00 00 00 ST ST 00 00 00 00 00 RR RR RR RR RR RR RR 00 00 00
00 00 RR 00 00 00 00 00 00 00 00 00 00 ST ST 00 00 00 00 00 00 00 00 00 00 00 RR 00 00 00
ST ST GG ST ST ST ST ST ST 00 00 00 00 ST ST 00 00 00 00 00 00 ST ST ST ST ST GG ST ST ST
ST ST GG ST ST ST ST ST ST 00 00 00 00 ST ST 00 00 00 00 00 00 ST ST ST ST ST GG ST ST ST
00 00 RR 00 00 00 00 ST ST 00 00 00 00 ST ST 00 00 00 00 00 00 ST ST 00 00 00 RR 00 00 00
00 00 RR 00 00 00 00 ST ST 00 00 00 00 ST ST 00 00 00 00 00 00 ST ST 00 00 00 RR 00 00 00
00 00 RR 00 00 00 00 ST ST 00 00 00 00 ST ST 00 00 00 00 00 00 ST ST 00 00 00 RR 00 00 00
00 00 RR 00 00 00 00 ST ST 00 00 00 00 ST ST 00 00 00 00 00 00 ST ST 00 00 TS TS RR RR RR
00 00 RR 00 00 00 00 ST ST 00 00 00 00 ST ST 00 00 00 00 00 00 ST ST 00 00 TS TS 00 00 00
00 TS TS 00 00 00 00 ST ST 00 00 00 00 ST ST 00 00 00 00 00 00 ST ST 00 00 00 00 00 00 00
00 TS TS 00 00 00 00 ST ST 00 00 00 00 ST ST 00 00 00 00 00 00 ST ST 00 00 00 00 00 00 00
00 00 RR 00 00 00 00 ST ST 00 00 00 00 ST ST 00 00 00 00 00 00 ST ST 00 00 00 00 00 00 00

TS - train station
RR - railroad
ST - streetroad
GG - ramp




